
pilot_colors <- c(
  "navy" = "#204466",
  "blue" = "#249db5",
  "brown" = "#b84818",
  "green" = "#30c788",
  "yellow" = "#ffc517",
  "purple" = "#9956db",
  "orange" = "#f28100")


